1010001
1010002
1010003
1010004
1010005
1020001
1020002
1020003
1020004
1020005
1030001
1030002
1030003
1040001
1040002
1050001
1050002
1050003
1060001
1060002
1060003
1070001
1070002
1070003
1070004
1070005
1080101
1080102
1080103
1080104
1080105
1080106
1080107
1080201
1080202
1080203
1080204
1080205
1080206
1080207
1090001
1090002
1090003
1090004
1090005
1100001
1100002
1100003
1100004
1100005
1100006
1110000
2010001
2010002
2010003
2010004
2010005
2010006
2010007
2020001
2020002
2020003
2020004
2020005
2020006
2020007
2020008
2030101
2030102
2030103
2030104
2030105
2030201
2030202
2040101
2040102
2040103
2040104
2040105
2040106
2040201
2040202
2040203
2040204
2040205
2040206
2040207
2040301
2040302
2050101
2050102
2050103
2050104
2050105
2050106
2050107
2050201
2050202
2050203
2050204
2050205
2050206
2050301
2050302
2050303
2050304
2050305
2050306
2060001
2060002
2060003
2060004
2060005
2060006
2060007
2060008
2060009
2060010
2070001
2070002
2070003
2070004
2070005
2070006
2070007
2070008
2070009
2070010
2070011
2080101
2080102
2080103
2080104
2080105
2080106
2080107
2080108
2080109
2080110
2080201
2080202
2080203
2080204
2080205
2080206
2080207
2080208
3010101
3010102
3010103
3010104
3010105
3010106
3010107
3010201
3010202
3010203
3010204
3010205
3020101
3020102
3020103
3020104
3020105
3020106
3020201
3020202
3020203
3020204
3030001
3030002
3030003
3030004
3030005
3030006
3030007
3040101
3040102
3040103
3040104
3040105
3040201
3040202
3040203
3040204
3040205
3040206
3040207
3050101
3050102
3050103
3050104
3050105
3050106
3050107
3050108
3050109
3050110
3050111
3050112
3050201
3050202
3050203
3050204
3050205
3050206
3050207
3050208
3060101
3060102
3060103
3060104
3060105
3060106
3060107
3060108
3060109
3060201
3060202
3060203
3060204
3070101
3070102
3070103
3070104
3070105
3070106
3070107
3070201
3070202
3070203
3070204
3070205
3080101
3080102
3080103
3080201
3080202
3080203
3090101
3090102
3090103
3090201
3090202
3090203
3090204
3090205
3100101
3100102
3100103
3100201
3100202
3100203
3100204
3100205
3100206
3100207
3100208
3110101
3110102
3110103
3110201
3110202
3110203
3110204
3110205
3110206
3120001
3120002
3120003
3130001
3130002
3130003
3130004
3130005
3130006
3130007
3130008
3130009
3130010
3130011
3130012
3130013
3130014
3140101
3140102
3140103
3140104
3140105
3140106
3140107
3140201
3140202
3140203
3140301
3140302
3140303
3140304
3140305
3150101
3150102
3150103
3150104
3150105
3150106
3150107
3150108
3150109
3150110
3150201
3150202
3150203
3150204
3160101
3160102
3160103
3160104
3160105
3160106
3160107
3160108
3160109
3160110
3160111
3160112
3160113
3160201
3160202
3160203
3160204
3160205
3170001
3170002
3170003
3170004
3170005
3170006
3170007
3170008
3170009
3180001
3180002
3180003
3180004
3180005
4010101
4010102
4010201
4010202
4010301
4010302
4020101
4020102
4020103
4020104
4020105
4020201
4020202
4020203
4020300
4030101
4030102
4030103
4030104
4030105
4030106
4030107
4030108
4030109
4030110
4030111
4030112
4030201
4030202
4030203
4030204
4040001
4040002
4040003
4050001
4050002
4050003
4050004
4050005
4050006
4050007
4060101
4060102
4060103
4060104
4060105
4060106
4060107
4060200
4070001
4070002
4070003
4070004
4070005
4070006
4070007
4080101
4080102
4080103
4080104
4080201
4080202
4080203
4080204
4080205
4080206
4080300
4090001
4090002
4090003
4090004
4090005
4100001
4100002
4100003
4100004
4100005
4100006
4100007
4100008
4100009
4100010
4100011
4100012
4110001
4110002
4110003
4110004
4120101
4120102
4120103
4120104
4120200
4130001
4130002
4130003
4140101
4140102
4140201
4140202
4140203
4150101
4150102
4150200
4150301
4150302
4150303
4150304
4150305
4150306
4150307
5010001
5010002
5010003
5010004
5010005
5010006
5010007
5010008
5010009
5020001
5020002
5020003
5020004
5020005
5020006
5030101
5030102
5030103
5030104
5030105
5030106
5030201
5030202
5030203
5030204
5040001
5040002
5040003
5040004
5040005
5040006
5050001
5050002
5050003
5050004
5050005
5050006
5050007
5050008
5050009
5060001
5060002
5060003
5070101
5070102
5070201
5070202
5070203
5070204
5080001
5080002
5080003
5090101
5090102
5090103
5090104
5090201
5090202
5090203
5100101
5100102
5100201
5100202
5100203
5100204
5100205
5110001
5110002
5110003
5110004
5110005
5110006
5120101
5120102
5120103
5120104
5120105
5120106
5120107
5120108
5120109
5120110
5120111
5120112
5120113
5120114
5120115
5120201
5120202
5120203
5120204
5120205
5120206
5120207
5120208
5120209
5130101
5130102
5130103
5130104
5130105
5130106
5130107
5130108
5130201
5130202
5130203
5130204
5130205
5130206
5140101
5140102
5140103
5140104
5140201
5140202
5140203
5140204
5140205
5140206
6010101
6010102
6010103
6010104
6010105
6010106
6010107
6010108
6010201
6010202
6010203
6010204
6010205
6010206
6010207
6010208
6020001
6020002
6020003
6020004
6030001
6030002
6030003
6030004
6030005
6030006
6040001
6040002
6040003
6040004
6040005
6040006
7010101
7010102
7010103
7010104
7010105
7010106
7010107
7010108
7010201
7010202
7010203
7010204
7010205
7010206
7010207
7020001
7020002
7020003
7020004
7020005
7020006
7020007
7020008
7020009
7020010
7020011
7020012
7030001
7030002
7030003
7030004
7030005
7040001
7040002
7040003
7040004
7040005
7040006
7040007
7040008
7050001
7050002
7050003
7050004
7050005
7050006
7050007
7060001
7060002
7060003
7060004
7060005
7060006
7070001
7070002
7070003
7070004
7070005
7070006
7080101
7080102
7080103
7080104
7080105
7080106
7080107
7080201
7080202
7080203
7080204
7080205
7080206
7080207
7080208
7080209
7090001
7090002
7090003
7090004
7090005
7090006
7090007
7100001
7100002
7100003
7100004
7100005
7100006
7100007
7100008
7100009
7110001
7110002
7110003
7110004
7110005
7110006
7110007
7110008
7110009
7120001
7120002
7120003
7120004
7120005
7120006
7120007
7130001
7130002
7130003
7130004
7130005
7130006
7130007
7130008
7130009
7130010
7130011
7130012
7140101
7140102
7140103
7140104
7140105
7140106
7140107
7140108
7140201
7140202
7140203
7140204
8010100
8010201
8010202
8010203
8010204
8010205
8010206
8010207
8010208
8010209
8010210
8010211
8020100
8020201
8020202
8020203
8020204
8020205
8020301
8020302
8020303
8020304
8020401
8020402
8030100
8030201
8030202
8030203
8030204
8030205
8030206
8030207
8030208
8030209
8040101
8040102
8040103
8040201
8040202
8040203
8040204
8040205
8040206
8040207
8040301
8040302
8040303
8040304
8040305
8040306
8050001
8050002
8050003
8060100
8060201
8060202
8060203
8060204
8060205
8060206
8070100
8070201
8070202
8070203
8070204
8070205
8070300
8080101
8080102
8080103
8080201
8080202
8080203
8080204
8080205
8080206
8090100
8090201
8090202
8090203
8090301
8090302
9010001
9010002
9010003
9010004
9010005
9020101
9020102
9020103
9020104
9020105
9020106
9020107
9020108
9020109
9020201
9020202
9020203
9020204
9020205
9020301
9020302
9020303
9020304
9020305
9020306
9020307
9020308
9020309
9020310
9020311
9020312
9020313
9020314
9030001
9030002
9030003
9030004
9030005
9030006
9030007
9030008
9030009
10010001
10010002
10020001
10020002
10020003
10020004
10020005
10020006
10020007
10020008
10030101
10030102
10030103
10030104
10030105
10030201
10030202
10030203
10030204
10030205
10040101
10040102
10040103
10040104
10040105
10040106
10040201
10040202
10040203
10040204
10040205
10050001
10050002
10050003
10050004
10050005
10050006
10050007
10050008
10050009
10050010
10050011
10050012
10050013
10050014
10050015
10050016
10060001
10060002
10060003
10060004
10060005
10060006
10060007
10070001
10070002
10070003
10070004
10070005
10070006
10070007
10070008
10080001
10080002
10080003
10080004
10080005
10080006
10080007
10080008
10080009
10080010
10080011
10080012
10080013
10080014
10080015
10080016
10090101
10090102
10090201
10090202
10090203
10090204
10090205
10090206
10090207
10090208
10090209
10090210
10100001
10100002
10100003
10100004
10100005
10110101
10110102
10110201
10110202
10110203
10110204
10110205
10120101
10120102
10120103
10120104
10120105
10120106
10120107
10120108
10120109
10120110
10120111
10120112
10120113
10120201
10120202
10120203
10130101
10130102
10130103
10130104
10130105
10130106
10130201
10130202
10130203
10130204
10130205
10130206
10130301
10130302
10130303
10130304
10130305
10130306
10140101
10140102
10140103
10140104
10140105
10140201
10140202
10140203
10140204
10150001
10150002
10150003
10150004
10150005
10150006
10150007
10160001
10160002
10160003
10160004
10160005
10160006
10160007
10160008
10160009
10160010
10160011
10170101
10170102
10170103
10170201
10170202
10170203
10170204
10180001
10180002
10180003
10180004
10180005
10180006
10180007
10180008
10180009
10180010
10180011
10180012
10180013
10180014
10190001
10190002
10190003
10190004
10190005
10190006
10190007
10190008
10190009
10190010
10190011
10190012
10190013
10190014
10190015
10190016
10190017
10190018
10200101
10200102
10200103
10200201
10200202
10200203
10210001
10210002
10210003
10210004
10210005
10210006
10210007
10210008
10210009
10210010
10220001
10220002
10220003
10220004
10230001
10230002
10230003
10230004
10230005
10230006
10230007
10240001
10240002
10240003
10240004
10240005
10240006
10240007
10240008
10240009
10240010
10240011
10240012
10240013
10250001
10250002
10250003
10250004
10250005
10250006
10250007
10250008
10250009
10250010
10250011
10250012
10250013
10250014
10250015
10250016
10250017
10260001
10260002
10260003
10260004
10260005
10260006
10260007
10260008
10260009
10260010
10260011
10260012
10260013
10260014
10260015
10270101
10270102
10270103
10270104
10270201
10270202
10270203
10270204
10270205
10270206
10270207
10280101
10280102
10280103
10280201
10280202
10280203
10290101
10290102
10290103
10290104
10290105
10290106
10290107
10290108
10290109
10290110
10290111
10290201
10290202
10290203
10300101
10300102
10300103
10300104
10300200
11010001
11010002
11010003
11010004
11010005
11010006
11010007
11010008
11010009
11010010
11010011
11010012
11010013
11010014
11020001
11020002
11020003
11020004
11020005
11020006
11020007
11020008
11020009
11020010
11020011
11020012
11020013
11030001
11030002
11030003
11030004
11030005
11030006
11030007
11030008
11030009
11030010
11030011
11030012
11030013
11030014
11030015
11030016
11030017
11030018
11040001
11040002
11040003
11040004
11040005
11040006
11040007
11040008
11050001
11050002
11050003
11060001
11060002
11060003
11060004
11060005
11060006
11070101
11070102
11070103
11070104
11070105
11070106
11070107
11070201
11070202
11070203
11070204
11070205
11070206
11070207
11070208
11070209
11080001
11080002
11080003
11080004
11080005
11080006
11080007
11080008
11090101
11090102
11090103
11090104
11090105
11090106
11090201
11090202
11090203
11090204
11100101
11100102
11100103
11100104
11100201
11100202
11100203
11100301
11100302
11100303
11110101
11110102
11110103
11110104
11110105
11110201
11110202
11110203
11110204
11110205
11110206
11110207
11120101
11120102
11120103
11120104
11120105
11120201
11120202
11120301
11120302
11120303
11120304
11130101
11130102
11130103
11130104
11130105
11130201
11130202
11130203
11130204
11130205
11130206
11130207
11130208
11130209
11130210
11130301
11130302
11130303
11130304
11140101
11140102
11140103
11140104
11140105
11140106
11140107
11140108
11140109
11140201
11140202
11140203
11140204
11140205
11140206
11140207
11140208
11140209
11140301
11140302
11140303
11140304
11140305
11140306
11140307
12010001
12010002
12010003
12010004
12010005
12020001
12020002
12020003
12020004
12020005
12020006
12020007
12030101
12030102
12030103
12030104
12030105
12030106
12030107
12030108
12030109
12030201
12030202
12030203
12040101
12040102
12040103
12040104
12040201
12040202
12040203
12040204
12040205
12050001
12050002
12050003
12050004
12050005
12050006
12050007
12060101
12060102
12060103
12060104
12060105
12060201
12060202
12060203
12060204
12070101
12070102
12070103
12070104
12070201
12070202
12070203
12070204
12070205
12080001
12080002
12080003
12080004
12080005
12080006
12080007
12080008
12090101
12090102
12090103
12090104
12090105
12090106
12090107
12090108
12090109
12090110
12090201
12090202
12090203
12090204
12090205
12090206
12090301
12090302
12090401
12090402
12100101
12100102
12100201
12100202
12100203
12100204
12100301
12100302
12100303
12100304
12100401
12100402
12100403
12100404
12100405
12100406
12100407
12110101
12110102
12110103
12110104
12110105
12110106
12110107
12110108
12110109
12110110
12110111
12110201
12110202
12110203
12110204
12110205
12110206
12110207
12110208
13010001
13010002
13010003
13010004
13010005
13020101
13020102
13020201
13020202
13020203
13020204
13020205
13020206
13020207
13020208
13020209
13020210
13020211
13030101
13030102
13030103
13030201
13030202
13040100
13040201
13040202
13040203
13040204
13040205
13040206
13040207
13040208
13040209
13040210
13040211
13040212
13040301
13040302
13040303
13050001
13050002
13050003
13050004
13060001
13060002
13060003
13060004
13060005
13060006
13060007
13060008
13060009
13060010
13060011
13070001
13070002
13070003
13070004
13070005
13070006
13070007
13070008
13070009
13070010
13070011
13080001
13080002
13080003
13090001
13090002
14010001
14010002
14010003
14010004
14010005
14010006
14020001
14020002
14020003
14020004
14020005
14020006
14030001
14030002
14030003
14030004
14030005
14040101
14040102
14040103
14040104
14040105
14040106
14040107
14040108
14040109
14040200
14050001
14050002
14050003
14050004
14050005
14050006
14050007
14060001
14060002
14060003
14060004
14060005
14060006
14060007
14060008
14060009
14070001
14070002
14070003
14070004
14070005
14070006
14070007
14080101
14080102
14080103
14080104
14080105
14080106
14080107
14080201
14080202
14080203
14080204
14080205
15010001
15010002
15010003
15010004
15010005
15010006
15010007
15010008
15010009
15010010
15010011
15010012
15010013
15010014
15010015
15020001
15020002
15020003
15020004
15020005
15020006
15020007
15020008
15020009
15020010
15020011
15020012
15020013
15020014
15020015
15020016
15020017
15020018
15030101
15030102
15030103
15030104
15030105
15030106
15030107
15030108
15030201
15030202
15030203
15030204
15040001
15040002
15040003
15040004
15040005
15040006
15040007
15050100
15050201
15050202
15050203
15050301
15050302
15050303
15050304
15050305
15050306
15060101
15060102
15060103
15060104
15060105
15060106
15060201
15060202
15060203
15070101
15070102
15070103
15070104
15070201
15070202
15070203
15080101
15080102
15080103
15080200
15080301
15080302
15080303
16010101
16010102
16010201
16010202
16010203
16010204
16020101
16020102
16020201
16020202
16020203
16020204
16020301
16020302
16020303
16020304
16020305
16020306
16020307
16020308
16020309
16020310
16030001
16030002
16030003
16030004
16030005
16030006
16030007
16030008
16030009
16040101
16040102
16040103
16040104
16040105
16040106
16040107
16040108
16040109
16040201
16040202
16040203
16040204
16040205
16050101
16050102
16050103
16050104
16050201
16050202
16050203
16050301
16050302
16050303
16050304
16060001
16060002
16060003
16060004
16060005
16060006
16060007
16060008
16060009
16060010
16060011
16060012
16060013
16060014
16060015
17010101
17010102
17010103
17010104
17010105
17010201
17010202
17010203
17010204
17010205
17010206
17010207
17010208
17010209
17010210
17010211
17010212
17010213
17010214
17010215
17010216
17010301
17010302
17010303
17010304
17010305
17010306
17010307
17010308
17020001
17020002
17020003
17020004
17020005
17020006
17020007
17020008
17020009
17020010
17020011
17020012
17020013
17020014
17020015
17020016
17030001
17030002
17030003
17040101
17040102
17040103
17040104
17040105
17040201
17040202
17040203
17040204
17040205
17040206
17040207
17040208
17040209
17040210
17040211
17040212
17040213
17040214
17040215
17040216
17040217
17040218
17040219
17040220
17040221
17050101
17050102
17050103
17050104
17050105
17050106
17050107
17050108
17050109
17050110
17050111
17050112
17050113
17050114
17050115
17050116
17050117
17050118
17050119
17050120
17050121
17050122
17050123
17050124
17050201
17050202
17050203
17060101
17060102
17060103
17060104
17060105
17060106
17060107
17060108
17060109
17060110
17060201
17060202
17060203
17060204
17060205
17060206
17060207
17060208
17060209
17060210
17060301
17060302
17060303
17060304
17060305
17060306
17060307
17060308
17070101
17070102
17070103
17070104
17070105
17070106
17070201
17070202
17070203
17070204
17070301
17070302
17070303
17070304
17070305
17070306
17070307
17080001
17080002
17080003
17080004
17080005
17080006
17090001
17090002
17090003
17090004
17090005
17090006
17090007
17090008
17090009
17090010
17090011
17090012
17100101
17100102
17100103
17100104
17100105
17100106
17100201
17100202
17100203
17100204
17100205
17100206
17100207
17100301
17100302
17100303
17100304
17100305
17100306
17100307
17100308
17100309
17100310
17100311
17100312
17110001
17110002
17110003
17110004
17110005
17110006
17110007
17110008
17110009
17110010
17110011
17110012
17110013
17110014
17110015
17110016
17110017
17110018
17110019
17110020
17110021
17120001
17120002
17120003
17120004
17120005
17120006
17120007
17120008
17120009
18010101
18010102
18010103
18010104
18010105
18010106
18010107
18010108
18010109
18010110
18010111
18010201
18010202
18010203
18010204
18010205
18010206
18010207
18010208
18010209
18010210
18010211
18010212
18020001
18020002
18020003
18020004
18020005
18020101
18020102
18020103
18020104
18020105
18020106
18020107
18020108
18020109
18020110
18020111
18020112
18020113
18020114
18020115
18020116
18020117
18020118
18020119
18020120
18020121
18020122
18020123
18020124
18020125
18020126
18020127
18020128
18020129
18030001
18030002
18030003
18030004
18030005
18030006
18030007
18030008
18030009
18030010
18030011
18030012
18040001
18040002
18040003
18040004
18040005
18040006
18040007
18040008
18040009
18040010
18040011
18040012
18040013
18040014
18050001
18050002
18050003
18050004
18050005
18050006
18060001
18060002
18060003
18060004
18060005
18060006
18060007
18060008
18060009
18060010
18060011
18060012
18060013
18060014
18070101
18070102
18070103
18070104
18070105
18070106
18070107
18070201
18070202
18070203
18070204
18070301
18070302
18070303
18070304
18070305
18080001
18080002
18080003
18090101
18090102
18090103
18090201
18090202
18090203
18090204
18090205
18090206
18090207
18090208
18100100
18100200
